-124.049 20.9951
-124.003 19.0579
-123.948 317.582
-123.888 212.064
-123.852 394.541
-123.805 395.546
-123.745 204.627
-123.701 802.276
-123.657 705.748
-123.595 316.223
-123.539 205.174
-123.498 689.769
-123.451 509.801
-123.4 202.022
-123.341 179.16
-123.292 78.9943
-123.241 75.7242
-123.185 81.1834
-123.093 82.146
-123.038 99.9444
-122.984 146.33
-122.944 348.002
-122.898 461.816
-122.844 321.654
-122.801 191.192
-122.733 240.568
-122.595 432.889
-122.642 210.293
-122.5 587.908
-122.549 467.773
-122.39 514.06
-122.434 465.049
-122.292 703.29
-122.338 843.905
-122.186 1020.78
-122.241 865.689
-122.14 1295.32
-122.045 1142.88
-121.959 1248.48
-121.852 1472.78
-121.689 988.696
-121.617 1162.07
-121.49 992.397
-121.538 1159.93
-121.378 860.408
-121.439 865.33
-121.285 828.652
-121.341 849.269
-121.231 762.726
-121.08 1132.47
-121.13 1080.68
-120.98 1095.75
-121.032 975.953
-120.899 1024.77
-120.784 1123.74
-120.669 1346.76
-120.601 1217.33
-120.37 1476.45
-120.298 1577.56
