-125 -708.491210938
-124.981605 -763.101164105
-124.963211 -631.581389714
-124.944816 -576.472785071
-124.926421 -534.114745224
-124.908027 -478.736855814
-124.889632 -474.430259618
-124.871237 -470.351520413
-124.852843 -462.320051213
-124.834448 -422.021909737
-124.816054 -363.925589119
-124.797659 -295.098932869
-124.779264 -227.12479926
-124.76087 -181.024710646
-124.742475 -158.649661072
-124.72408 -140.963029992
-124.705686 -135.537374256
-124.687291 -133.863977817
-124.668896 -128.269812606
-124.650502 -124.073251921
-124.632107 -119.410828349
-124.613712 -116.908417616
-124.595318 -115.111873232
-124.576923 -112.07625984
-124.558528 -109.449415741
-124.540134 -104.654460576
-124.521739 -94.2672317459
-124.503344 -89.9684891621
-124.48495 -83.9848105663
-124.466555 -80.6592451904
-124.448161 -81.0575181009
-124.429766 -82.1202143603
-124.411371 -80.712488544
-124.392977 -77.5596800879
-124.374582 -76.0647949158
-124.356187 -74.7598144064
-124.337793 -72.03480296
-124.319398 -70.5477895919
-124.301003 -70.8345290392
-124.282609 -70
-124.264214 -68.997622298
-124.245819 -67.2606924207
-124.227425 -64.5598188462
-124.20903 -58.5574680572
-124.190635 -58.1618605903
-124.172241 -47.9322416943
-124.153846 -46.4648146179
-124.135452 -40.6174730809
-124.117057 -33.1985372249
-124.098662 -3.61544000089
-124.080268 -5.00846192468e-12
-124.061873 52.7532942123
-124.043478 7.37210518372
-124.025084 0.935383232505
-124.006689 3.91890100887
-123.988294 79.4085643931
-123.9699 270.518016
-123.951505 330.555245164
-123.93311 262.469840832
-123.914716 320.733616013
-123.896321 173.192145811
-123.877926 259.125899864
-123.859532 361.683692565
-123.841137 441.928605612
-123.822742 144.25797888
-123.804348 404.780961104
-123.785953 244.278893271
-123.767559 433.190273116
-123.749164 129.0512
-123.730769 462.91815039
-123.712375 662.1443125
-123.69398 888.756654592
-123.675585 1054.04593926
-123.657191 706.731832775
-123.638796 612.014964777
-123.620401 418.690931504
-123.602007 299.918911036
-123.583612 342.720055284
-123.565217 136.499207678
-123.546823 136.504677437
-123.528428 297.973582463
-123.510033 626.897141699
-123.491639 723.004905188
-123.473244 714.0455296
-123.454849 554.047126031
-123.436455 342.598225276
-123.41806 310.010088448
-123.399666 200.024770169
-123.381271 265.169923967
-123.362876 312.339216347
-123.344482 196.942546611
-123.326087 102.997415403
-123.307692 79.0204267848
-123.289298 78.9898416335
-123.270903 79.9317048526
-123.252508 77.0001377976
-123.234114 74.960790174
-123.215719 75.8706818217
-123.197324 81.8369125089
-123.17893 80.861594304
-123.160535 81.765644576
-123.14214 79.485001216
-123.123746 81.6321882588
-123.105351 82.8645850765
-123.086957 81.7943939698
-123.068562 86.7401406536
-123.050167 87.4466476162
-123.031773 106.340693689
-123.013378 104.038337687
-122.994983 98.98001616
-122.976589 178.279964762
-122.958194 257.292361179
-122.939799 374.849861162
-122.921405 434.176144148
-122.90301 498.235553248
-122.884615 364.516584692
-122.866221 449.858209343
-122.847826 350.212795736
-122.829431 212.907360395
-122.811037 176.725231837
-122.792642 203.239498645
-122.774247 159.22706056
-122.755853 151.989851164
-122.737458 258.208260896
-122.719064 185.424702599
-122.700669 206.754740897
-122.682274 251.94895168
-122.66388 223.341203456
-122.645485 215.752017948
-122.62709 186.938515744
-122.608696 339.527018213
-122.590301 464.92136728
-122.571906 464.158195274
-122.553512 464.961874555
-122.535117 476.4212
-122.516722 447.649176545
-122.498328 601.932596118
-122.479933 739.659506222
-122.461538 858.930403116
-122.443144 487.24702525
-122.424749 442.59076785
-122.406355 378.818596692
-122.38796 530.928985088
-122.369565 794.694178112
-122.351171 980.238921472
-122.332776 789.830536733
-122.314381 800.52678966
-122.295987 696.810695074
-122.277592 726.703315477
-122.259197 599.71376224
-122.240803 868.568849634
-122.222408 972.800479306
-122.204013 958.505479488
-122.185619 1022.09239599
-122.167224 1177.81223471
-122.148829 1148.61312479
-122.130435 1454.25181665
-122.11204 1270.04495565
-122.093645 1550.86875562
-122.075251 1571.15867165
-122.056856 1151.80509724
-122.038462 1137.96399944
-122.020067 1100.10208012
-122.001672 1023.98082061
-121.983278 1065.2656
-121.964883 1166.58528719
-121.946488 1422.6542985
-121.928094 1297.28826452
-121.909699 1409.46743993
-121.891304 1471.45706904
-121.87291 1496.42826026
-121.854515 1474.95837995
-121.83612 1459.03601766
-121.817726 1394.0848
-121.799331 1334.11420119
-121.780936 1301.0085241
-121.762542 1231.42351673
-121.744147 1048
-121.725753 1119.28169872
-121.707358 1033.44771964
-121.688963 988.605602609
-121.670569 982.718159654
-121.652174 1111.22793839
-121.633779 1126.06700934
-121.615385 1165.538
-121.59699 1194.80972186
-121.578595 1107.05594872
-121.560201 1117.17085632
-121.541806 1161.69540264
-121.523411 1153.17771376
-121.505017 1057.11282424
-121.486622 977.8392
-121.468227 941.80045912
-121.449833 895.27835968
-121.431438 844.423882843
-121.413043 861.525086846
-121.394649 844.048367912
-121.376254 862.123788591
-121.35786 817.475309568
-121.339465 852.163316576
-121.32107 807.30864176
-121.302676 794.054466822
-121.284281 830.05918808
-121.265886 850.04694587
-121.247492 851.009783435
-121.229097 752.538768084
-121.210702 856.101377246
-121.192308 866
-121.173913 858.746897245
-121.155518 916.049685034
-121.137124 1008.58747414
-121.118729 1194.72663276
-121.100334 1396.55038221
-121.08194 1123.62576333
-121.063545 1207.49009706
-121.045151 1000.7248
-121.026756 966.074735792
-121.008361 1011.10332976
-120.989967 1079.89256142
-120.971572 1109.15887791
-120.953177 1271.11512305
-120.934783 1145.01778259
-120.916388 1278.00159488
-120.897993 1010.10492198
-120.879599 1182.91752323
-120.861204 1109.32704955
-120.842809 1175.7366127
-120.824415 1094.53731918
-120.80602 1007.35708058
-120.787625 1088.5633125
-120.769231 1267.06089908
-120.750836 1319.02096853
-120.732441 1314.8442979
-120.714047 1407.99340894
-120.695652 1282.36401508
-120.677258 1312.58426193
-120.658863 1388.7072137
-120.640468 1229.54686551
-120.622074 1157.07149623
-120.603679 1195.5761298
-120.585284 1344.91821955
-120.56689 1522.67387792
-120.548495 1625.97786592
-120.5301 1436.955264
-120.511706 1340.82733666
-120.493311 1242.33223886
-120.474916 1375.85136048
-120.456522 1366.80447885
-120.438127 1423.84733554
-120.419732 1482.94115574
-120.401338 1376.94157378
-120.382943 1513.50019238
-120.364548 1460.83686642
-120.346154 1659.27813334
-120.327759 1726.04882929
-120.309365 1626.98561036
-120.29097 1546.98097222
-120.272575 1597.175258
-120.254181 1595.92959578
-120.235786 1585.43029525
-120.217391 1566.40508349
-120.198997 1550.7964
-120.180602 1579.37786912
-120.162207 1594.24355541
-120.143813 1644.20449488
-120.125418 1633.8870115
-120.107023 1689.45395498
-120.088629 1711.20137039
-120.070234 1766.69091599
-120.051839 1742.74905372
-120.033445 1744.53881032
-120.01505 1751.9046
-119.996656 1672.96848628
-119.978261 1704.18849797
-119.959866 1664.0398323
-119.941472 1753.92652204
-119.923077 1737.21445895
-119.904682 1747.40217937
-119.886288 1784.17078104
-119.867893 1748.07911728
-119.849498 1510.21391619
-119.831104 1332.96719198
-119.812709 1364.73774446
-119.794314 1534.31674176
-119.77592 1662.13210675
-119.757525 1681.9987945
-119.73913 1636.76467392
-119.720736 1503.81177233
-119.702341 1551.99849014
-119.683946 1396.64466839
-119.665552 1353.64816879
-119.647157 1250.8847958
-119.628763 1270.13675394
-119.610368 1339.81101468
-119.591973 1462.01876076
-119.573579 1058.6532
-119.555184 912.008645771
-119.536789 816.86639725
-119.518395 1032.70013184
-119.5 1249
