-126.000000 41.000000 0.000000 5.305342 3.100501 2.839741
-125.000000 41.000000 0.000000 5.533970 3.249135 2.860591
-124.000000 41.000000 0.000000 5.747567 3.158007 2.811022
-123.000000 41.000000 0.000000 6.070220 3.239308 2.802192
-122.000000 41.000000 0.000000 5.558243 3.161518 2.810051
-121.000000 41.000000 0.000000 5.751627 3.208680 2.863559
-120.000000 41.000000 0.000000 5.519444 3.229300 2.902644
-119.000000 41.000000 0.000000 5.745922 3.373741 2.886007
-126.000000 42.000000 0.000000 5.196117 3.093276 2.819944
-125.000000 42.000000 0.000000 5.700191 3.081552 2.852630
-124.000000 42.000000 0.000000 5.577223 3.159169 2.813458
-123.000000 42.000000 0.000000 5.796799 3.356816 2.808091
-122.000000 42.000000 0.000000 5.702246 3.314590 2.845931
-121.000000 42.000000 0.000000 5.731473 3.299505 2.924826
-120.000000 42.000000 0.000000 5.584959 3.257189 2.972039
-119.000000 42.000000 0.000000 5.592958 3.251319 2.942996
-126.000000 43.000000 0.000000 5.327397 2.945974 2.424920
-125.000000 43.000000 0.000000 5.456281 2.897023 2.659787
-124.000000 43.000000 0.000000 5.800391 2.998858 2.803797
-123.000000 43.000000 0.000000 6.012662 3.255620 2.857427
-122.000000 43.000000 0.000000 5.773687 3.219985 2.902781
-121.000000 43.000000 0.000000 5.895640 3.259661 2.939595
-120.000000 43.000000 0.000000 5.904166 3.281051 2.947217
-119.000000 43.000000 0.000000 5.746147 3.337053 2.928538
-126.000000 44.000000 0.000000 5.355881 3.208594 2.017275
-125.000000 44.000000 0.000000 4.930621 2.786480 2.420328
-124.000000 44.000000 0.000000 5.792141 3.061184 2.758394
-123.000000 44.000000 0.000000 6.064751 3.319419 2.860079
-122.000000 44.000000 0.000000 5.807041 3.289827 2.911581
-121.000000 44.000000 0.000000 5.828486 3.332125 2.928910
-120.000000 44.000000 0.000000 5.881255 3.285895 2.926668
-119.000000 44.000000 0.000000 5.667731 3.324756 2.921240
-126.000000 45.000000 0.000000 5.397264 3.382891 2.686159
-125.000000 45.000000 0.000000 5.576564 3.266528 2.785511
-124.000000 45.000000 0.000000 5.742322 3.104775 2.828340
-123.000000 45.000000 0.000000 5.516742 3.245225 2.860495
-122.000000 45.000000 0.000000 5.685829 3.261777 2.886104
-121.000000 45.000000 0.000000 6.012267 3.323032 2.897987
-120.000000 45.000000 0.000000 5.912604 3.325706 2.904059
-119.000000 45.000000 0.000000 5.909357 3.264328 2.906080
-126.000000 46.000000 0.000000 5.359856 3.273914 2.852177
-125.000000 46.000000 0.000000 5.754126 3.196069 2.863050
-124.000000 46.000000 0.000000 5.893238 3.074777 2.888867
-123.000000 46.000000 0.000000 5.705694 3.382034 2.852619
-122.000000 46.000000 0.000000 5.926150 3.315856 2.870680
-121.000000 46.000000 0.000000 5.800586 3.257033 2.885510
-120.000000 46.000000 0.000000 5.844308 3.199108 2.886634
-119.000000 46.000000 0.000000 5.930084 3.364779 2.891661
-126.000000 47.000000 0.000000 5.512031 3.256518 2.881194
-125.000000 47.000000 0.000000 5.563751 2.931406 2.879035
-124.000000 47.000000 0.000000 5.818347 2.921605 2.821958
-123.000000 47.000000 0.000000 5.705151 3.136670 2.823123
-122.000000 47.000000 0.000000 5.691538 3.259658 2.840385
-121.000000 47.000000 0.000000 5.822127 3.252862 2.870966
-120.000000 47.000000 0.000000 5.833374 3.402019 2.886468
-119.000000 47.000000 0.000000 5.922090 3.379033 2.907569
-126.000000 48.000000 0.000000 5.494628 3.367513 2.877687
-125.000000 48.000000 0.000000 6.159655 3.202812 2.917538
-124.000000 48.000000 0.000000 6.054323 3.334448 2.866087
-123.000000 48.000000 0.000000 5.562964 3.323272 2.850533
-122.000000 48.000000 0.000000 5.688420 3.182510 2.864321
-121.000000 48.000000 0.000000 6.019616 3.387831 2.905858
-120.000000 48.000000 0.000000 5.832084 3.495658 2.934509
-119.000000 48.000000 0.000000 5.877477 3.484255 2.951877
-126.000000 41.000000 20.000000 7.832726 4.778519 3.331906
-125.000000 41.000000 20.000000 8.006067 4.709054 3.346526
-124.000000 41.000000 20.000000 6.789835 3.935245 3.077278
-123.000000 41.000000 20.000000 6.779963 3.755917 3.001649
-122.000000 41.000000 20.000000 6.417206 3.797928 3.036367
-121.000000 41.000000 20.000000 6.332010 3.788632 2.997099
-120.000000 41.000000 20.000000 6.192018 3.642112 2.979434
-119.000000 41.000000 20.000000 6.044231 3.561511 2.947797
-126.000000 42.000000 20.000000 8.088911 5.009646 3.313902
-125.000000 42.000000 20.000000 7.421667 4.173344 3.165398
-124.000000 42.000000 20.000000 6.536374 3.827684 3.016284
-123.000000 42.000000 20.000000 6.521751 3.746329 2.962669
-122.000000 42.000000 20.000000 6.403406 3.857087 2.945693
-121.000000 42.000000 20.000000 6.292316 3.737853 2.957665
-120.000000 42.000000 20.000000 6.223396 3.613546 3.013873
-119.000000 42.000000 20.000000 6.157644 3.591648 3.013628
-126.000000 43.000000 20.000000 8.452837 4.959767 3.040575
-125.000000 43.000000 20.000000 7.370153 4.164430 3.033025
-124.000000 43.000000 20.000000 6.673279 3.899373 2.991053
-123.000000 43.000000 20.000000 6.619575 3.946503 2.929706
-122.000000 43.000000 20.000000 6.417711 3.770373 2.945770
-121.000000 43.000000 20.000000 6.386410 3.700268 3.002782
-120.000000 43.000000 20.000000 6.352267 3.647923 3.019492
-119.000000 43.000000 20.000000 6.200768 3.576408 3.012341
-126.000000 44.000000 20.000000 8.456785 5.277207 2.742180
-125.000000 44.000000 20.000000 6.993770 4.093525 2.837328
-124.000000 44.000000 20.000000 6.570501 3.821019 2.915882
-123.000000 44.000000 20.000000 6.658194 3.904569 2.894519
-122.000000 44.000000 20.000000 6.485643 3.735830 2.969755
-121.000000 44.000000 20.000000 6.382468 3.718021 3.000353
-120.000000 44.000000 20.000000 6.330626 3.577865 3.003883
-119.000000 44.000000 20.000000 6.178412 3.599708 3.005596
-126.000000 45.000000 20.000000 8.147874 5.246053 3.218076
-125.000000 45.000000 20.000000 6.946126 4.088417 3.083804
-124.000000 45.000000 20.000000 6.305566 3.606735 2.935486
-123.000000 45.000000 20.000000 6.288481 3.759931 2.904373
-122.000000 45.000000 20.000000 6.483368 3.817376 2.951585
-121.000000 45.000000 20.000000 6.469928 3.763356 2.973055
-120.000000 45.000000 20.000000 6.421884 3.824108 2.983962
-119.000000 45.000000 20.000000 6.346420 3.655735 2.988484
-126.000000 46.000000 20.000000 8.104918 5.123177 3.323390
-125.000000 46.000000 20.000000 7.183749 4.134041 3.166352
-124.000000 46.000000 20.000000 6.408805 3.642533 2.994523
-123.000000 46.000000 20.000000 6.369625 3.777337 2.897289
-122.000000 46.000000 20.000000 6.416333 3.741661 2.933116
-121.000000 46.000000 20.000000 6.385776 3.744256 2.954896
-120.000000 46.000000 20.000000 6.443790 3.720013 2.964646
-119.000000 46.000000 20.000000 6.376793 3.728534 2.977606
-126.000000 47.000000 20.000000 8.266449 5.139154 3.333959
-125.000000 47.000000 20.000000 7.022387 3.909008 3.108450
-124.000000 47.000000 20.000000 6.319447 3.524830 2.945956
-123.000000 47.000000 20.000000 6.525720 3.716964 2.883310
-122.000000 47.000000 20.000000 6.481170 3.894768 2.915266
-121.000000 47.000000 20.000000 6.403452 3.811744 2.948659
-120.000000 47.000000 20.000000 6.427242 3.818998 2.960446
-119.000000 47.000000 20.000000 6.378306 3.726022 2.987423
-126.000000 48.000000 20.000000 7.157185 4.353344 3.178473
-125.000000 48.000000 20.000000 6.848341 3.846882 3.034022
-124.000000 48.000000 20.000000 6.773280 3.765203 2.896435
-123.000000 48.000000 20.000000 6.541935 3.767350 2.905952
-122.000000 48.000000 20.000000 6.556422 3.800188 2.936921
-121.000000 48.000000 20.000000 6.432603 3.682509 2.984657
-120.000000 48.000000 20.000000 6.294919 3.736671 3.010477
-119.000000 48.000000 20.000000 6.257991 3.683002 3.027752
-126.000000 41.000000 40.000000 8.559163 4.192333 3.386834
-125.000000 41.000000 40.000000 8.453247 4.307080 3.395262
-124.000000 41.000000 40.000000 8.082408 4.778515 3.422806
-123.000000 41.000000 40.000000 8.014593 4.558750 3.508659
-122.000000 41.000000 40.000000 7.907489 4.544595 3.562961
-121.000000 41.000000 40.000000 7.761299 4.516205 3.595647
-120.000000 41.000000 40.000000 7.572337 4.474291 3.618874
-119.000000 41.000000 40.000000 7.702439 4.558996 3.644375
-126.000000 42.000000 40.000000 8.178977 4.572721 3.382544
-125.000000 42.000000 40.000000 8.078554 4.785366 3.386539
-124.000000 42.000000 40.000000 7.935052 4.697067 3.440569
-123.000000 42.000000 40.000000 8.091730 4.416898 3.536443
-122.000000 42.000000 40.000000 8.070451 4.478334 3.608312
-121.000000 42.000000 40.000000 7.823150 4.418394 3.630639
-120.000000 42.000000 40.000000 7.718189 4.439053 3.649552
-119.000000 42.000000 40.000000 7.891645 4.551208 3.629574
-126.000000 43.000000 40.000000 8.232018 4.760971 3.373917
-125.000000 43.000000 40.000000 8.167569 4.786104 3.406424
-124.000000 43.000000 40.000000 8.205313 4.794457 3.484290
-123.000000 43.000000 40.000000 8.146141 4.598450 3.564883
-122.000000 43.000000 40.000000 7.920821 4.442310 3.632493
-121.000000 43.000000 40.000000 8.006638 4.465800 3.661796
-120.000000 43.000000 40.000000 8.033019 4.555810 3.574583
-119.000000 43.000000 40.000000 7.881618 4.494113 3.476322
-126.000000 44.000000 40.000000 8.304161 4.328180 3.336978
-125.000000 44.000000 40.000000 7.993284 4.413718 3.398652
-124.000000 44.000000 40.000000 8.087106 4.671675 3.496243
-123.000000 44.000000 40.000000 8.014906 4.586275 3.568021
-122.000000 44.000000 40.000000 8.016415 4.485865 3.631155
-121.000000 44.000000 40.000000 7.972436 4.515070 3.612902
-120.000000 44.000000 40.000000 7.816333 4.465096 3.529922
-119.000000 44.000000 40.000000 7.848069 4.501006 3.470571
-126.000000 45.000000 40.000000 8.251107 4.469472 3.369467
-125.000000 45.000000 40.000000 8.040096 4.513405 3.403276
-124.000000 45.000000 40.000000 7.856621 4.637006 3.493847
-123.000000 45.000000 40.000000 7.888046 4.581507 3.566556
-122.000000 45.000000 40.000000 7.998180 4.598354 3.616151
-121.000000 45.000000 40.000000 7.939796 4.562511 3.607089
-120.000000 45.000000 40.000000 8.017426 4.671744 3.579489
-119.000000 45.000000 40.000000 7.900455 4.558929 3.558475
-126.000000 46.000000 40.000000 7.942977 4.437827 3.379770
-125.000000 46.000000 40.000000 7.789469 4.619946 3.404981
-124.000000 46.000000 40.000000 7.601294 4.719318 3.493086
-123.000000 46.000000 40.000000 7.747079 4.553301 3.567774
-122.000000 46.000000 40.000000 7.686482 4.429389 3.609468
-121.000000 46.000000 40.000000 7.788916 4.440568 3.636152
-120.000000 46.000000 40.000000 7.975319 4.616513 3.657157
-119.000000 46.000000 40.000000 8.049583 4.720270 3.661165
-126.000000 47.000000 40.000000 7.850061 4.485202 3.395119
-125.000000 47.000000 40.000000 7.783356 4.560793 3.435489
-124.000000 47.000000 40.000000 7.620555 4.619877 3.521901
-123.000000 47.000000 40.000000 7.771464 4.547138 3.592261
-122.000000 47.000000 40.000000 7.761109 4.587506 3.627685
-121.000000 47.000000 40.000000 7.768799 4.612804 3.644356
-120.000000 47.000000 40.000000 7.955100 4.675038 3.642068
-119.000000 47.000000 40.000000 8.119717 4.713539 3.612846
-126.000000 48.000000 40.000000 7.824406 4.244124 3.419565
-125.000000 48.000000 40.000000 7.680267 4.422717 3.478005
-124.000000 48.000000 40.000000 7.799512 4.444243 3.540731
-123.000000 48.000000 40.000000 7.797187 4.431417 3.585270
-122.000000 48.000000 40.000000 7.751431 4.484239 3.611272
-121.000000 48.000000 40.000000 7.926141 4.464922 3.574267
-120.000000 48.000000 40.000000 7.900481 4.581228 3.513579
-119.000000 48.000000 40.000000 7.902534 4.621901 3.459177
-126.000000 41.000000 60.000000 8.402549 3.953585 3.377735
-125.000000 41.000000 60.000000 8.252420 4.197900 3.384397
-124.000000 41.000000 60.000000 8.023050 4.580867 3.392123
-123.000000 41.000000 60.000000 8.015112 4.563467 3.453029
-122.000000 41.000000 60.000000 7.992974 4.490403 3.522288
-121.000000 41.000000 60.000000 7.850161 4.338705 3.552045
-120.000000 41.000000 60.000000 7.678583 4.343628 3.557780
-119.000000 41.000000 60.000000 7.778486 4.481001 3.574510
-126.000000 42.000000 60.000000 8.132043 4.310982 3.372403
-125.000000 42.000000 60.000000 8.022233 4.691035 3.377247
-124.000000 42.000000 60.000000 8.039923 4.584791 3.411561
-123.000000 42.000000 60.000000 8.134653 4.428262 3.483604
-122.000000 42.000000 60.000000 8.113422 4.403323 3.547740
-121.000000 42.000000 60.000000 7.925324 4.301772 3.556347
-120.000000 42.000000 60.000000 7.862915 4.357803 3.558523
-119.000000 42.000000 60.000000 7.854780 4.395833 3.579564
-126.000000 43.000000 60.000000 8.172471 4.690827 3.425010
-125.000000 43.000000 60.000000 8.253420 4.688922 3.423737
-124.000000 43.000000 60.000000 8.275782 4.686098 3.452247
-123.000000 43.000000 60.000000 8.163114 4.570076 3.504093
-122.000000 43.000000 60.000000 8.023698 4.420691 3.553572
-121.000000 43.000000 60.000000 7.990321 4.326334 3.576043
-120.000000 43.000000 60.000000 7.958396 4.384630 3.589504
-119.000000 43.000000 60.000000 7.850917 4.345613 3.596552
-126.000000 44.000000 60.000000 8.165857 4.186456 3.451391
-125.000000 44.000000 60.000000 8.122076 4.415668 3.446495
-124.000000 44.000000 60.000000 8.123694 4.653933 3.460345
-123.000000 44.000000 60.000000 8.057743 4.611128 3.500297
-122.000000 44.000000 60.000000 8.042207 4.442399 3.544801
-121.000000 44.000000 60.000000 7.926399 4.355174 3.568646
-120.000000 44.000000 60.000000 7.757510 4.340619 3.586933
-119.000000 44.000000 60.000000 7.840075 4.382384 3.599075
-126.000000 45.000000 60.000000 8.280880 4.070689 3.378795
-125.000000 45.000000 60.000000 8.142876 4.427538 3.397096
-124.000000 45.000000 60.000000 7.937968 4.695815 3.448096
-123.000000 45.000000 60.000000 7.965239 4.598219 3.498644
-122.000000 45.000000 60.000000 7.945117 4.491699 3.539617
-121.000000 45.000000 60.000000 7.870431 4.416060 3.569280
-120.000000 45.000000 60.000000 7.928822 4.520722 3.593587
-119.000000 45.000000 60.000000 7.837788 4.484957 3.603216
-126.000000 46.000000 60.000000 7.954954 4.149317 3.370401
-125.000000 46.000000 60.000000 7.876145 4.554777 3.390828
-124.000000 46.000000 60.000000 7.736358 4.775460 3.452208
-123.000000 46.000000 60.000000 7.826419 4.584015 3.506484
-122.000000 46.000000 60.000000 7.829029 4.439602 3.541678
-121.000000 46.000000 60.000000 7.863513 4.383161 3.571932
-120.000000 46.000000 60.000000 7.951229 4.560290 3.599253
-119.000000 46.000000 60.000000 7.953888 4.612538 3.612029
-126.000000 47.000000 60.000000 7.860162 4.228653 3.380931
-125.000000 47.000000 60.000000 7.944383 4.611341 3.410608
-124.000000 47.000000 60.000000 7.754136 4.723323 3.481007
-123.000000 47.000000 60.000000 7.871752 4.608991 3.543634
-122.000000 47.000000 60.000000 7.941342 4.609749 3.575215
-121.000000 47.000000 60.000000 7.870450 4.604922 3.587007
-120.000000 47.000000 60.000000 8.010544 4.655238 3.588519
-119.000000 47.000000 60.000000 8.050947 4.634098 3.592123
-126.000000 48.000000 60.000000 7.948607 4.214332 3.410106
-125.000000 48.000000 60.000000 7.684113 4.528109 3.436873
-124.000000 48.000000 60.000000 7.753233 4.544308 3.481849
-123.000000 48.000000 60.000000 7.897463 4.520423 3.527914
-122.000000 48.000000 60.000000 7.939526 4.559098 3.557941
-121.000000 48.000000 60.000000 7.910556 4.433875 3.572278
-120.000000 48.000000 60.000000 7.930105 4.521494 3.573556
-119.000000 48.000000 60.000000 7.951214 4.581908 3.567511
-126.000000 41.000000 80.000000 8.050035 4.177474 3.380396
-125.000000 41.000000 80.000000 7.958642 4.293095 3.388846
-124.000000 41.000000 80.000000 7.938245 4.329485 3.387719
-123.000000 41.000000 80.000000 8.020920 4.507271 3.414249
-122.000000 41.000000 80.000000 8.009303 4.436870 3.482407
-121.000000 41.000000 80.000000 7.861195 4.181692 3.526554
-120.000000 41.000000 80.000000 7.750626 4.183452 3.529219
-119.000000 41.000000 80.000000 7.821495 4.337245 3.527461
-126.000000 42.000000 80.000000 7.810639 4.220995 3.377476
-125.000000 42.000000 80.000000 7.934252 4.393958 3.387466
-124.000000 42.000000 80.000000 8.001013 4.364957 3.402263
-123.000000 42.000000 80.000000 8.075377 4.410048 3.438631
-122.000000 42.000000 80.000000 8.099831 4.349217 3.494991
-121.000000 42.000000 80.000000 7.940812 4.202284 3.517257
-120.000000 42.000000 80.000000 7.894175 4.229280 3.518259
-119.000000 42.000000 80.000000 7.879558 4.279236 3.532056
-126.000000 43.000000 80.000000 7.913339 4.397980 3.389022
-125.000000 43.000000 80.000000 8.174947 4.317719 3.411097
-124.000000 43.000000 80.000000 8.242025 4.417668 3.432934
-123.000000 43.000000 80.000000 8.103177 4.464108 3.461061
-122.000000 43.000000 80.000000 8.029248 4.369296 3.494839
-121.000000 43.000000 80.000000 7.996860 4.250824 3.517597
-120.000000 43.000000 80.000000 7.952337 4.254332 3.535210
-119.000000 43.000000 80.000000 7.877554 4.217193 3.543159
-126.000000 44.000000 80.000000 7.940028 4.284628 3.384826
-125.000000 44.000000 80.000000 8.005377 4.320520 3.406085
-124.000000 44.000000 80.000000 8.100696 4.463556 3.429856
-123.000000 44.000000 80.000000 8.041247 4.533669 3.459874
-122.000000 44.000000 80.000000 8.024310 4.410801 3.485999
-121.000000 44.000000 80.000000 7.929681 4.295171 3.506937
-120.000000 44.000000 80.000000 7.782754 4.239722 3.531553
-119.000000 44.000000 80.000000 7.857546 4.272149 3.547785
-126.000000 45.000000 80.000000 8.128313 4.112025 3.378504
-125.000000 45.000000 80.000000 8.082973 4.297004 3.399529
-124.000000 45.000000 80.000000 7.954414 4.505209 3.429146
-123.000000 45.000000 80.000000 7.948856 4.502853 3.461180
-122.000000 45.000000 80.000000 7.950647 4.424271 3.492305
-121.000000 45.000000 80.000000 7.903914 4.331896 3.521997
-120.000000 45.000000 80.000000 7.941420 4.384970 3.546746
-119.000000 45.000000 80.000000 7.862270 4.401554 3.558271
-126.000000 46.000000 80.000000 7.898335 4.205710 3.383818
-125.000000 46.000000 80.000000 7.892103 4.379526 3.399945
-124.000000 46.000000 80.000000 7.813256 4.556997 3.432621
-123.000000 46.000000 80.000000 7.847020 4.506348 3.465914
-122.000000 46.000000 80.000000 7.895667 4.401078 3.497224
-121.000000 46.000000 80.000000 7.930481 4.314348 3.531103
-120.000000 46.000000 80.000000 7.951613 4.441104 3.557898
-119.000000 46.000000 80.000000 7.961908 4.510955 3.567863
-126.000000 47.000000 80.000000 7.811436 4.215019 3.385665
-125.000000 47.000000 80.000000 7.929453 4.474081 3.406677
-124.000000 47.000000 80.000000 7.856281 4.554226 3.450358
-123.000000 47.000000 80.000000 7.934514 4.525653 3.491274
-122.000000 47.000000 80.000000 8.030814 4.554878 3.518189
-121.000000 47.000000 80.000000 7.946940 4.533302 3.534082
-120.000000 47.000000 80.000000 8.006782 4.547812 3.545273
-119.000000 47.000000 80.000000 8.044145 4.565306 3.552961
-126.000000 48.000000 80.000000 7.977863 4.262341 3.406451
-125.000000 48.000000 80.000000 7.727672 4.478522 3.418436
-124.000000 48.000000 80.000000 7.791482 4.457878 3.446228
-123.000000 48.000000 80.000000 7.914268 4.491127 3.481639
-122.000000 48.000000 80.000000 8.015977 4.553523 3.507914
-121.000000 48.000000 80.000000 8.002979 4.452522 3.523370
-120.000000 48.000000 80.000000 8.036147 4.498060 3.533941
-119.000000 48.000000 80.000000 8.064853 4.561350 3.538078
-126.000000 41.000000 100.000000 8.021988 4.271521 3.376495
-125.000000 41.000000 100.000000 7.943951 4.297806 3.385860
-124.000000 41.000000 100.000000 7.915719 4.244604 3.393007
-123.000000 41.000000 100.000000 8.014860 4.483461 3.408794
-122.000000 41.000000 100.000000 8.005278 4.426195 3.461465
-121.000000 41.000000 100.000000 7.904453 4.182291 3.517580
-120.000000 41.000000 100.000000 7.826134 4.131277 3.526876
-119.000000 41.000000 100.000000 7.838203 4.237823 3.522775
-126.000000 42.000000 100.000000 7.769749 4.246735 3.377508
-125.000000 42.000000 100.000000 7.960917 4.303923 3.385457
-124.000000 42.000000 100.000000 7.920185 4.277306 3.399148
-123.000000 42.000000 100.000000 8.004316 4.409449 3.421185
-122.000000 42.000000 100.000000 8.099578 4.350888 3.472753
-121.000000 42.000000 100.000000 7.953986 4.220234 3.512965
-120.000000 42.000000 100.000000 7.871764 4.203914 3.522776
-119.000000 42.000000 100.000000 7.875118 4.245329 3.536966
-126.000000 43.000000 100.000000 7.930168 4.255926 3.378404
-125.000000 43.000000 100.000000 8.093341 4.184615 3.405037
-124.000000 43.000000 100.000000 8.116068 4.231761 3.428837
-123.000000 43.000000 100.000000 8.015147 4.333893 3.449819
-122.000000 43.000000 100.000000 7.982269 4.352032 3.477481
-121.000000 43.000000 100.000000 7.971540 4.273297 3.504101
-120.000000 43.000000 100.000000 7.935043 4.231130 3.524868
-119.000000 43.000000 100.000000 7.880171 4.180158 3.533204
-126.000000 44.000000 100.000000 8.070472 4.177377 3.385980
-125.000000 44.000000 100.000000 7.973458 4.207492 3.413706
-124.000000 44.000000 100.000000 8.042922 4.274598 3.440825
-123.000000 44.000000 100.000000 8.018064 4.418556 3.463419
-122.000000 44.000000 100.000000 7.954380 4.429122 3.477250
-121.000000 44.000000 100.000000 7.877904 4.340117 3.494250
-120.000000 44.000000 100.000000 7.797698 4.221796 3.522354
-119.000000 44.000000 100.000000 7.809439 4.229284 3.538786
-126.000000 45.000000 100.000000 8.050793 4.185642 3.390589
-125.000000 45.000000 100.000000 8.031990 4.239188 3.415841
-124.000000 45.000000 100.000000 7.996674 4.326053 3.444407
-123.000000 45.000000 100.000000 7.984136 4.390207 3.469292
-122.000000 45.000000 100.000000 7.926163 4.396949 3.496248
-121.000000 45.000000 100.000000 7.880047 4.301231 3.523438
-120.000000 45.000000 100.000000 7.908915 4.268074 3.546175
-119.000000 45.000000 100.000000 7.829536 4.309995 3.557743
-126.000000 46.000000 100.000000 7.916392 4.300157 3.396817
-125.000000 46.000000 100.000000 7.911409 4.280692 3.412226
-124.000000 46.000000 100.000000 7.924735 4.315188 3.439295
-123.000000 46.000000 100.000000 7.910942 4.367021 3.467806
-122.000000 46.000000 100.000000 7.875460 4.366972 3.501001
-121.000000 46.000000 100.000000 7.885675 4.254799 3.537072
-120.000000 46.000000 100.000000 7.883196 4.300056 3.560546
-119.000000 46.000000 100.000000 7.894744 4.388434 3.566670
-126.000000 47.000000 100.000000 7.874705 4.261299 3.389958
-125.000000 47.000000 100.000000 7.920155 4.328101 3.412335
-124.000000 47.000000 100.000000 7.942342 4.287613 3.447759
-123.000000 47.000000 100.000000 7.984081 4.356849 3.476748
-122.000000 47.000000 100.000000 7.984900 4.448013 3.500684
-121.000000 47.000000 100.000000 7.899556 4.432520 3.522295
-120.000000 47.000000 100.000000 7.909668 4.417345 3.538344
-119.000000 47.000000 100.000000 7.916208 4.468100 3.548001
-126.000000 48.000000 100.000000 8.049378 4.283466 3.409778
-125.000000 48.000000 100.000000 7.806451 4.337444 3.427104
-124.000000 48.000000 100.000000 7.872519 4.235531 3.453247
-123.000000 48.000000 100.000000 7.914076 4.375992 3.478152
-122.000000 48.000000 100.000000 7.967945 4.497766 3.494517
-121.000000 48.000000 100.000000 7.957230 4.458482 3.507843
-120.000000 48.000000 100.000000 7.961472 4.452394 3.520212
-119.000000 48.000000 100.000000 7.968498 4.496176 3.528262
-126.000000 41.000000 120.000000 8.058578 4.236590 3.375901
-125.000000 41.000000 120.000000 7.955093 4.245374 3.387317
-124.000000 41.000000 120.000000 7.934680 4.269649 3.415631
-123.000000 41.000000 120.000000 8.019935 4.473343 3.438197
-122.000000 41.000000 120.000000 8.017930 4.442879 3.458412
-121.000000 41.000000 120.000000 7.958934 4.267505 3.491688
-120.000000 41.000000 120.000000 7.857527 4.182249 3.503661
-119.000000 41.000000 120.000000 7.810188 4.230045 3.514128
-126.000000 42.000000 120.000000 7.830317 4.203873 3.379780
-125.000000 42.000000 120.000000 8.038545 4.273581 3.386160
-124.000000 42.000000 120.000000 7.948564 4.238682 3.414648
-123.000000 42.000000 120.000000 7.978055 4.390249 3.439678
-122.000000 42.000000 120.000000 8.074171 4.396629 3.469515
-121.000000 42.000000 120.000000 7.970180 4.299212 3.496330
-120.000000 42.000000 120.000000 7.860390 4.247699 3.508456
-119.000000 42.000000 120.000000 7.833556 4.294451 3.531654
-126.000000 43.000000 120.000000 7.910732 4.234101 3.385361
-125.000000 43.000000 120.000000 8.034711 4.233150 3.402613
-124.000000 43.000000 120.000000 8.023930 4.222090 3.430508
-123.000000 43.000000 120.000000 7.948031 4.316289 3.451669
-122.000000 43.000000 120.000000 7.926988 4.386401 3.469457
-121.000000 43.000000 120.000000 7.914937 4.341084 3.486319
-120.000000 43.000000 120.000000 7.900926 4.286437 3.508026
-119.000000 43.000000 120.000000 7.886703 4.234221 3.527190
-126.000000 44.000000 120.000000 8.097757 4.162416 3.400910
-125.000000 44.000000 120.000000 7.955107 4.180517 3.435900
-124.000000 44.000000 120.000000 7.970438 4.222436 3.462481
-123.000000 44.000000 120.000000 7.983941 4.369663 3.474354
-122.000000 44.000000 120.000000 7.940153 4.452847 3.475759
-121.000000 44.000000 120.000000 7.877983 4.406016 3.481977
-120.000000 44.000000 120.000000 7.808523 4.266787 3.507714
-119.000000 44.000000 120.000000 7.795881 4.251973 3.527216
-126.000000 45.000000 120.000000 8.007475 4.214510 3.397952
-125.000000 45.000000 120.000000 8.003746 4.238132 3.428252
-124.000000 45.000000 120.000000 7.976655 4.269697 3.459240
-123.000000 45.000000 120.000000 7.967315 4.351353 3.477241
-122.000000 45.000000 120.000000 7.910627 4.425806 3.493231
-121.000000 45.000000 120.000000 7.862034 4.349906 3.510120
-120.000000 45.000000 120.000000 7.860628 4.278586 3.527954
-119.000000 45.000000 120.000000 7.820599 4.301610 3.541128
-126.000000 46.000000 120.000000 7.920500 4.298628 3.406834
-125.000000 46.000000 120.000000 7.919723 4.257505 3.421673
-124.000000 46.000000 120.000000 7.919311 4.282004 3.444334
-123.000000 46.000000 120.000000 7.902101 4.343245 3.467217
-122.000000 46.000000 120.000000 7.882736 4.386135 3.495802
-121.000000 46.000000 120.000000 7.855501 4.294835 3.525060
-120.000000 46.000000 120.000000 7.832376 4.289812 3.542891
-119.000000 46.000000 120.000000 7.842024 4.355554 3.548259
-126.000000 47.000000 120.000000 7.924473 4.304561 3.392502
-125.000000 47.000000 120.000000 7.902715 4.275856 3.415951
-124.000000 47.000000 120.000000 7.898908 4.220820 3.446313
-123.000000 47.000000 120.000000 7.963416 4.309178 3.468465
-122.000000 47.000000 120.000000 7.960671 4.416962 3.487818
-121.000000 47.000000 120.000000 7.859595 4.433126 3.507851
-120.000000 47.000000 120.000000 7.846985 4.396280 3.523659
-119.000000 47.000000 120.000000 7.856463 4.435235 3.532955
-126.000000 48.000000 120.000000 8.017555 4.291121 3.419906
-125.000000 48.000000 120.000000 7.783359 4.286352 3.439088
-124.000000 48.000000 120.000000 7.828324 4.180385 3.459150
-123.000000 48.000000 120.000000 7.883631 4.337960 3.472459
-122.000000 48.000000 120.000000 7.938920 4.469361 3.480264
-121.000000 48.000000 120.000000 7.936148 4.483675 3.492964
-120.000000 48.000000 120.000000 7.934165 4.445643 3.507329
-119.000000 48.000000 120.000000 7.941945 4.461875 3.518129
-126.000000 41.000000 140.000000 8.097919 4.192337 3.381750
-125.000000 41.000000 140.000000 8.097062 4.198023 3.388701
-124.000000 41.000000 140.000000 8.030407 4.288446 3.420515
-123.000000 41.000000 140.000000 8.036642 4.445120 3.453803
-122.000000 41.000000 140.000000 8.039588 4.484864 3.456648
-121.000000 41.000000 140.000000 7.994582 4.420784 3.463436
-120.000000 41.000000 140.000000 7.856985 4.287677 3.479769
-119.000000 41.000000 140.000000 7.757815 4.266929 3.502744
-126.000000 42.000000 140.000000 7.947227 4.181941 3.388881
-125.000000 42.000000 140.000000 8.156875 4.276491 3.396336
-124.000000 42.000000 140.000000 8.043434 4.193565 3.430905
-123.000000 42.000000 140.000000 7.982432 4.337684 3.461356
-122.000000 42.000000 140.000000 8.036437 4.450600 3.471317
-121.000000 42.000000 140.000000 7.993365 4.390877 3.474956
-120.000000 42.000000 140.000000 7.872304 4.304192 3.489429
-119.000000 42.000000 140.000000 7.793046 4.363737 3.521093
-126.000000 43.000000 140.000000 7.871055 4.286693 3.398304
-125.000000 43.000000 140.000000 8.002956 4.305247 3.408875
-124.000000 43.000000 140.000000 8.005143 4.259442 3.435298
-123.000000 43.000000 140.000000 7.922733 4.334886 3.457253
-122.000000 43.000000 140.000000 7.892287 4.418891 3.466357
-121.000000 43.000000 140.000000 7.867856 4.402523 3.469527
-120.000000 43.000000 140.000000 7.858408 4.374792 3.492778
-119.000000 43.000000 140.000000 7.856955 4.353330 3.525414
-126.000000 44.000000 140.000000 8.070989 4.197698 3.400192
-125.000000 44.000000 140.000000 8.006466 4.228502 3.436583
-124.000000 44.000000 140.000000 7.948053 4.268196 3.464511
-123.000000 44.000000 140.000000 7.956725 4.349783 3.476429
-122.000000 44.000000 140.000000 7.939571 4.467972 3.476645
-121.000000 44.000000 140.000000 7.872572 4.468391 3.473649
-120.000000 44.000000 140.000000 7.788451 4.340917 3.492864
-119.000000 44.000000 140.000000 7.774733 4.323206 3.515923
-126.000000 45.000000 140.000000 8.009445 4.276712 3.397385
-125.000000 45.000000 140.000000 8.020594 4.309006 3.424805
-124.000000 45.000000 140.000000 7.969185 4.296409 3.456366
-123.000000 45.000000 140.000000 7.930625 4.355379 3.472305
-122.000000 45.000000 140.000000 7.877922 4.467710 3.479640
-121.000000 45.000000 140.000000 7.829421 4.415384 3.484704
-120.000000 45.000000 140.000000 7.799788 4.347404 3.495909
-119.000000 45.000000 140.000000 7.804584 4.343887 3.511085
-126.000000 46.000000 140.000000 7.935791 4.303434 3.406880
-125.000000 46.000000 140.000000 7.940535 4.291927 3.418559
-124.000000 46.000000 140.000000 7.882015 4.364688 3.438319
-123.000000 46.000000 140.000000 7.861647 4.397216 3.457470
-122.000000 46.000000 140.000000 7.886550 4.420352 3.477870
-121.000000 46.000000 140.000000 7.845299 4.354529 3.493941
-120.000000 46.000000 140.000000 7.803285 4.338533 3.504275
-119.000000 46.000000 140.000000 7.798862 4.370785 3.511775
-126.000000 47.000000 140.000000 7.943479 4.392163 3.388130
-125.000000 47.000000 140.000000 7.887740 4.320760 3.407181
-124.000000 47.000000 140.000000 7.842097 4.282671 3.434247
-123.000000 47.000000 140.000000 7.904756 4.320838 3.456729
-122.000000 47.000000 140.000000 7.940191 4.401057 3.473980
-121.000000 47.000000 140.000000 7.871575 4.461227 3.488500
-120.000000 47.000000 140.000000 7.850173 4.427243 3.500874
-119.000000 47.000000 140.000000 7.871015 4.425186 3.510032
-126.000000 48.000000 140.000000 7.894695 4.338316 3.416528
-125.000000 48.000000 140.000000 7.723655 4.344722 3.432169
-124.000000 48.000000 140.000000 7.769632 4.251193 3.445030
-123.000000 48.000000 140.000000 7.855772 4.323927 3.453788
-122.000000 48.000000 140.000000 7.923278 4.428889 3.462670
-121.000000 48.000000 140.000000 7.965367 4.493941 3.479370
-120.000000 48.000000 140.000000 7.949033 4.448002 3.496551
-119.000000 48.000000 140.000000 7.964459 4.436149 3.509308
-126.000000 41.000000 160.000000 8.111059 4.212768 3.396768
-125.000000 41.000000 160.000000 8.161489 4.249328 3.400275
-124.000000 41.000000 160.000000 8.117548 4.291740 3.416551
-123.000000 41.000000 160.000000 8.072097 4.406936 3.442686
-122.000000 41.000000 160.000000 8.058236 4.547188 3.452359
-121.000000 41.000000 160.000000 8.035532 4.562675 3.465217
-120.000000 41.000000 160.000000 7.909592 4.400305 3.491642
-119.000000 41.000000 160.000000 7.792984 4.322925 3.506591
-126.000000 42.000000 160.000000 7.979973 4.237534 3.403045
-125.000000 42.000000 160.000000 8.209834 4.308929 3.413915
-124.000000 42.000000 160.000000 8.121793 4.223242 3.436720
-123.000000 42.000000 160.000000 8.020584 4.330643 3.456854
-122.000000 42.000000 160.000000 8.042644 4.491028 3.464590
-121.000000 42.000000 160.000000 8.020772 4.487915 3.473229
-120.000000 42.000000 160.000000 7.911202 4.391762 3.499117
-119.000000 42.000000 160.000000 7.814470 4.425198 3.524259
-126.000000 43.000000 160.000000 7.868409 4.334082 3.402599
-125.000000 43.000000 160.000000 7.997137 4.330631 3.417562
-124.000000 43.000000 160.000000 8.034108 4.300673 3.438873
-123.000000 43.000000 160.000000 7.953863 4.362414 3.457938
-122.000000 43.000000 160.000000 7.932021 4.437547 3.467517
-121.000000 43.000000 160.000000 7.889049 4.461807 3.472469
-120.000000 43.000000 160.000000 7.866312 4.467353 3.498113
-119.000000 43.000000 160.000000 7.866062 4.464987 3.529177
-126.000000 44.000000 160.000000 8.059123 4.256381 3.388643
-125.000000 44.000000 160.000000 8.045637 4.302740 3.417412
-124.000000 44.000000 160.000000 7.973819 4.315660 3.444667
-123.000000 44.000000 160.000000 7.971762 4.339554 3.467033
-122.000000 44.000000 160.000000 7.963037 4.470260 3.481291
-121.000000 44.000000 160.000000 7.893802 4.506183 3.484326
-120.000000 44.000000 160.000000 7.812322 4.408126 3.499666
-119.000000 44.000000 160.000000 7.808248 4.397537 3.520976
-126.000000 45.000000 160.000000 8.018024 4.338622 3.396260
-125.000000 45.000000 160.000000 8.025843 4.402363 3.416697
-124.000000 45.000000 160.000000 7.984628 4.352137 3.444888
-123.000000 45.000000 160.000000 7.925108 4.377558 3.464217
-122.000000 45.000000 160.000000 7.873903 4.460173 3.475313
-121.000000 45.000000 160.000000 7.848918 4.430462 3.481302
-120.000000 45.000000 160.000000 7.805541 4.399432 3.491080
-119.000000 45.000000 160.000000 7.819183 4.399671 3.505710
-126.000000 46.000000 160.000000 7.940505 4.330276 3.401064
-125.000000 46.000000 160.000000 7.969962 4.333691 3.411497
-124.000000 46.000000 160.000000 7.913341 4.420106 3.432542
-123.000000 46.000000 160.000000 7.876364 4.454424 3.453211
-122.000000 46.000000 160.000000 7.913022 4.449763 3.471308
-121.000000 46.000000 160.000000 7.890208 4.395490 3.481993
-120.000000 46.000000 160.000000 7.827639 4.390726 3.488658
-119.000000 46.000000 160.000000 7.799290 4.420910 3.497071
-126.000000 47.000000 160.000000 7.974830 4.444792 3.387177
-125.000000 47.000000 160.000000 7.928782 4.380634 3.402121
-124.000000 47.000000 160.000000 7.878092 4.355023 3.429502
-123.000000 47.000000 160.000000 7.909442 4.342771 3.455655
-122.000000 47.000000 160.000000 7.966595 4.394106 3.473646
-121.000000 47.000000 160.000000 7.929862 4.479685 3.485471
-120.000000 47.000000 160.000000 7.886146 4.464078 3.495380
-119.000000 47.000000 160.000000 7.908217 4.447071 3.503463
-126.000000 48.000000 160.000000 7.903733 4.362975 3.404477
-125.000000 48.000000 160.000000 7.811478 4.385921 3.416704
-124.000000 48.000000 160.000000 7.836663 4.324083 3.432199
-123.000000 48.000000 160.000000 7.887842 4.331955 3.448773
-122.000000 48.000000 160.000000 7.945933 4.418566 3.463186
-121.000000 48.000000 160.000000 8.002728 4.512746 3.479233
-120.000000 48.000000 160.000000 7.965074 4.466499 3.495378
-119.000000 48.000000 160.000000 7.977330 4.437146 3.507884
-126.000000 41.000000 180.000000 8.096550 4.254604 3.412026
-125.000000 41.000000 180.000000 8.096967 4.328974 3.418484
-124.000000 41.000000 180.000000 8.135882 4.308800 3.426157
-123.000000 41.000000 180.000000 8.097032 4.375953 3.439830
-122.000000 41.000000 180.000000 8.069462 4.605061 3.458686
-121.000000 41.000000 180.000000 8.084408 4.662500 3.488675
-120.000000 41.000000 180.000000 7.998116 4.504124 3.517736
-119.000000 41.000000 180.000000 7.894306 4.380337 3.513721
-126.000000 42.000000 180.000000 7.945673 4.305288 3.414443
-125.000000 42.000000 180.000000 8.180674 4.347834 3.427507
-124.000000 42.000000 180.000000 8.161154 4.333618 3.441418
-123.000000 42.000000 180.000000 8.079065 4.367476 3.448625
-122.000000 42.000000 180.000000 8.081566 4.513420 3.459862
-121.000000 42.000000 180.000000 8.051461 4.579930 3.486223
-120.000000 42.000000 180.000000 7.962420 4.499943 3.517406
-119.000000 42.000000 180.000000 7.872199 4.463207 3.521869
-126.000000 43.000000 180.000000 7.906996 4.352077 3.403177
-125.000000 43.000000 180.000000 7.999486 4.356696 3.420879
-124.000000 43.000000 180.000000 8.066567 4.366443 3.439723
-123.000000 43.000000 180.000000 8.013806 4.397709 3.456451
-122.000000 43.000000 180.000000 8.014695 4.443238 3.470439
-121.000000 43.000000 180.000000 7.961158 4.506886 3.484361
-120.000000 43.000000 180.000000 7.922007 4.531653 3.504072
-119.000000 43.000000 180.000000 7.919155 4.516560 3.516127
-126.000000 44.000000 180.000000 8.037712 4.324683 3.385855
-125.000000 44.000000 180.000000 8.037936 4.360267 3.406111
-124.000000 44.000000 180.000000 8.025196 4.329618 3.429163
-123.000000 44.000000 180.000000 8.011073 4.329054 3.457066
-122.000000 44.000000 180.000000 8.005048 4.447921 3.484189
-121.000000 44.000000 180.000000 7.949753 4.503591 3.499410
-120.000000 44.000000 180.000000 7.880325 4.434076 3.511747
-119.000000 44.000000 180.000000 7.893018 4.421976 3.523690
-126.000000 45.000000 180.000000 8.005736 4.343294 3.395476
-125.000000 45.000000 180.000000 7.999577 4.477133 3.414342
-124.000000 45.000000 180.000000 7.996552 4.412224 3.441006
-123.000000 45.000000 180.000000 7.939247 4.401633 3.464182
-122.000000 45.000000 180.000000 7.894640 4.404340 3.483905
-121.000000 45.000000 180.000000 7.899451 4.403798 3.499678
-120.000000 45.000000 180.000000 7.851832 4.420370 3.512619
-119.000000 45.000000 180.000000 7.861074 4.430443 3.523425
-126.000000 46.000000 180.000000 7.909008 4.339417 3.398789
-125.000000 46.000000 180.000000 7.983778 4.370887 3.412319
-124.000000 46.000000 180.000000 7.967907 4.439384 3.436127
-123.000000 46.000000 180.000000 7.918053 4.485398 3.460272
-122.000000 46.000000 180.000000 7.945764 4.466050 3.482084
-121.000000 46.000000 180.000000 7.949680 4.430498 3.497280
-120.000000 46.000000 180.000000 7.871835 4.433270 3.505110
-119.000000 46.000000 180.000000 7.821330 4.477569 3.511515
-126.000000 47.000000 180.000000 8.013404 4.434979 3.394854
-125.000000 47.000000 180.000000 8.004752 4.417260 3.410837
-124.000000 47.000000 180.000000 7.951130 4.401816 3.439792
-123.000000 47.000000 180.000000 7.939843 4.360711 3.466853
-122.000000 47.000000 180.000000 8.000322 4.398344 3.484840
-121.000000 47.000000 180.000000 7.969574 4.480604 3.497879
-120.000000 47.000000 180.000000 7.901273 4.477292 3.507413
-119.000000 47.000000 180.000000 7.923938 4.472121 3.511863
-126.000000 48.000000 180.000000 8.015974 4.346871 3.403486
-125.000000 48.000000 180.000000 7.994394 4.384178 3.418105
-124.000000 48.000000 180.000000 7.957712 4.374819 3.443621
-123.000000 48.000000 180.000000 7.934336 4.362670 3.468531
-122.000000 48.000000 180.000000 7.961120 4.439633 3.480244
-121.000000 48.000000 180.000000 7.994354 4.523786 3.486379
-120.000000 48.000000 180.000000 7.947423 4.478529 3.497220
-119.000000 48.000000 180.000000 7.947711 4.441707 3.507724
-126.000000 41.000000 200.000000 8.178574 4.368514 3.441608
-125.000000 41.000000 200.000000 8.166842 4.391354 3.451517
-124.000000 41.000000 200.000000 8.205005 4.357522 3.458760
-123.000000 41.000000 200.000000 8.174215 4.401376 3.468188
-122.000000 41.000000 200.000000 8.175902 4.641386 3.488998
-121.000000 41.000000 200.000000 8.230526 4.730668 3.520757
-120.000000 41.000000 200.000000 8.169944 4.612387 3.541241
-119.000000 41.000000 200.000000 8.085558 4.475510 3.528581
-126.000000 42.000000 200.000000 8.054244 4.376775 3.441050
-125.000000 42.000000 200.000000 8.212220 4.405155 3.453156
-124.000000 42.000000 200.000000 8.242238 4.433736 3.465604
-123.000000 42.000000 200.000000 8.205063 4.413938 3.470466
-122.000000 42.000000 200.000000 8.215268 4.546000 3.482479
-121.000000 42.000000 200.000000 8.204661 4.661218 3.511814
-120.000000 42.000000 200.000000 8.132044 4.619467 3.532412
-119.000000 42.000000 200.000000 8.041112 4.538533 3.519746
-126.000000 43.000000 200.000000 8.057645 4.401038 3.427247
-125.000000 43.000000 200.000000 8.082294 4.449219 3.441834
-124.000000 43.000000 200.000000 8.151525 4.451948 3.458859
-123.000000 43.000000 200.000000 8.141816 4.446727 3.475419
-122.000000 43.000000 200.000000 8.166323 4.478928 3.490717
-121.000000 43.000000 200.000000 8.146972 4.567221 3.505885
-120.000000 43.000000 200.000000 8.100221 4.606985 3.511706
-119.000000 43.000000 200.000000 8.069108 4.583359 3.504129
-126.000000 44.000000 200.000000 8.116384 4.416190 3.409253
-125.000000 44.000000 200.000000 8.117383 4.423435 3.425131
-124.000000 44.000000 200.000000 8.168167 4.365023 3.445190
-123.000000 44.000000 200.000000 8.140752 4.359149 3.470892
-122.000000 44.000000 200.000000 8.127977 4.459577 3.499482
-121.000000 44.000000 200.000000 8.092407 4.534698 3.518293
-120.000000 44.000000 200.000000 8.039798 4.486852 3.524872
-119.000000 44.000000 200.000000 8.059633 4.476533 3.525586
-126.000000 45.000000 200.000000 8.071354 4.383369 3.413693
-125.000000 45.000000 200.000000 8.094271 4.529440 3.433762
-124.000000 45.000000 200.000000 8.120315 4.464364 3.461139
-123.000000 45.000000 200.000000 8.059799 4.450770 3.485651
-122.000000 45.000000 200.000000 8.015876 4.419487 3.508692
-121.000000 45.000000 200.000000 8.025045 4.451960 3.529096
-120.000000 45.000000 200.000000 7.987271 4.475795 3.542792
-119.000000 45.000000 200.000000 8.005215 4.480311 3.548864
-126.000000 46.000000 200.000000 7.974195 4.409876 3.421594
-125.000000 46.000000 200.000000 8.097471 4.447535 3.437995
-124.000000 46.000000 200.000000 8.097878 4.483289 3.461424
-123.000000 46.000000 200.000000 8.037713 4.516959 3.486612
-122.000000 46.000000 200.000000 8.053599 4.495603 3.511497
-121.000000 46.000000 200.000000 8.080916 4.495351 3.530359
-120.000000 46.000000 200.000000 8.018674 4.493856 3.538673
-119.000000 46.000000 200.000000 7.958725 4.546809 3.542278
-126.000000 47.000000 200.000000 8.133152 4.476957 3.424603
-125.000000 47.000000 200.000000 8.157166 4.462864 3.441836
-124.000000 47.000000 200.000000 8.094477 4.446563 3.467730
-123.000000 47.000000 200.000000 8.041304 4.415161 3.491715
-122.000000 47.000000 200.000000 8.086914 4.445998 3.509264
-121.000000 47.000000 200.000000 8.075821 4.499559 3.524373
-120.000000 47.000000 200.000000 8.027053 4.498157 3.533720
-119.000000 47.000000 200.000000 8.048407 4.515839 3.533839
-126.000000 48.000000 200.000000 8.155085 4.405843 3.432954
-125.000000 48.000000 200.000000 8.181572 4.431157 3.453290
-124.000000 48.000000 200.000000 8.103192 4.436275 3.482000
-123.000000 48.000000 200.000000 8.055655 4.424142 3.503575
-122.000000 48.000000 200.000000 8.061230 4.493131 3.506699
-121.000000 48.000000 200.000000 8.093364 4.547829 3.505317
-120.000000 48.000000 200.000000 8.051642 4.520949 3.512866
-119.000000 48.000000 200.000000 8.032402 4.496224 3.520929
-126.000000 41.000000 220.000000 8.287612 4.467753 3.464850
-125.000000 41.000000 220.000000 8.210860 4.433063 3.478353
-124.000000 41.000000 220.000000 8.265461 4.360669 3.491008
-123.000000 41.000000 220.000000 8.226278 4.395407 3.503434
-122.000000 41.000000 220.000000 8.265358 4.597169 3.514619
-121.000000 41.000000 220.000000 8.376233 4.696481 3.527241
-120.000000 41.000000 220.000000 8.340011 4.647232 3.534589
-119.000000 41.000000 220.000000 8.282865 4.550725 3.530322
-126.000000 42.000000 220.000000 8.155273 4.411829 3.462989
-125.000000 42.000000 220.000000 8.185854 4.439620 3.475068
-124.000000 42.000000 220.000000 8.277117 4.444653 3.489571
-123.000000 42.000000 220.000000 8.288955 4.408213 3.499194
-122.000000 42.000000 220.000000 8.337445 4.527611 3.507016
-121.000000 42.000000 220.000000 8.360442 4.671689 3.520495
-120.000000 42.000000 220.000000 8.319155 4.677833 3.523112
-119.000000 42.000000 220.000000 8.232011 4.591425 3.511054
-126.000000 43.000000 220.000000 8.173818 4.443377 3.453544
-125.000000 43.000000 220.000000 8.134041 4.511015 3.465021
-124.000000 43.000000 220.000000 8.189086 4.487601 3.479439
-123.000000 43.000000 220.000000 8.232644 4.456331 3.494334
-122.000000 43.000000 220.000000 8.294731 4.487289 3.505715
-121.000000 43.000000 220.000000 8.326819 4.593569 3.513499
-120.000000 43.000000 220.000000 8.281272 4.644160 3.509669
-119.000000 43.000000 220.000000 8.219165 4.618268 3.498488
-126.000000 44.000000 220.000000 8.205704 4.464222 3.435373
-125.000000 44.000000 220.000000 8.153088 4.471293 3.450372
-124.000000 44.000000 220.000000 8.244460 4.412854 3.469591
-123.000000 44.000000 220.000000 8.258035 4.389031 3.489534
-122.000000 44.000000 220.000000 8.236576 4.450091 3.509223
-121.000000 44.000000 220.000000 8.209260 4.543029 3.519745
-120.000000 44.000000 220.000000 8.183057 4.523697 3.520716
-119.000000 44.000000 220.000000 8.205453 4.528742 3.516793
-126.000000 45.000000 220.000000 8.114014 4.433814 3.433751
-125.000000 45.000000 220.000000 8.200562 4.504316 3.452869
-124.000000 45.000000 220.000000 8.227743 4.463580 3.478810
-123.000000 45.000000 220.000000 8.164478 4.484228 3.501093
-122.000000 45.000000 220.000000 8.139722 4.458429 3.520242
-121.000000 45.000000 220.000000 8.153530 4.510086 3.534841
-120.000000 45.000000 220.000000 8.133048 4.516467 3.543323
-119.000000 45.000000 220.000000 8.139318 4.517163 3.545407
-126.000000 46.000000 220.000000 8.038071 4.482907 3.444920
-125.000000 46.000000 220.000000 8.210241 4.496375 3.460603
-124.000000 46.000000 220.000000 8.212021 4.504756 3.480577
-123.000000 46.000000 220.000000 8.131485 4.513491 3.503031
-122.000000 46.000000 220.000000 8.151425 4.484086 3.526036
-121.000000 46.000000 220.000000 8.217916 4.515140 3.541824
-120.000000 46.000000 220.000000 8.193477 4.529173 3.546900
-119.000000 46.000000 220.000000 8.120950 4.591705 3.548508
-126.000000 47.000000 220.000000 8.217975 4.501753 3.450443
-125.000000 47.000000 220.000000 8.267216 4.478437 3.464720
-124.000000 47.000000 220.000000 8.197255 4.487853 3.481879
-123.000000 47.000000 220.000000 8.136464 4.479061 3.500696
-122.000000 47.000000 220.000000 8.170911 4.482511 3.518809
-121.000000 47.000000 220.000000 8.188204 4.500799 3.534240
-120.000000 47.000000 220.000000 8.194637 4.512448 3.541535
-119.000000 47.000000 220.000000 8.200598 4.555662 3.539589
-126.000000 48.000000 220.000000 8.229360 4.471000 3.460201
-125.000000 48.000000 220.000000 8.277238 4.469847 3.481502
-124.000000 48.000000 220.000000 8.185883 4.482850 3.499950
-123.000000 48.000000 220.000000 8.170116 4.475653 3.508987
-122.000000 48.000000 220.000000 8.199168 4.523526 3.510174
-121.000000 48.000000 220.000000 8.237444 4.547258 3.514659
-120.000000 48.000000 220.000000 8.199784 4.558344 3.523608
-119.000000 48.000000 220.000000 8.152696 4.562535 3.528173
-126.000000 41.000000 240.000000 8.387140 4.491766 3.483890
-125.000000 41.000000 240.000000 8.277023 4.472856 3.500488
-124.000000 41.000000 240.000000 8.357743 4.388597 3.520015
-123.000000 41.000000 240.000000 8.343188 4.430024 3.539358
-122.000000 41.000000 240.000000 8.394815 4.583581 3.540568
-121.000000 41.000000 240.000000 8.547022 4.675411 3.531400
-120.000000 41.000000 240.000000 8.565752 4.692093 3.528035
-119.000000 41.000000 240.000000 8.511893 4.664504 3.532546
-126.000000 42.000000 240.000000 8.297202 4.400849 3.481564
-125.000000 42.000000 240.000000 8.254243 4.449722 3.496081
-124.000000 42.000000 240.000000 8.339997 4.448227 3.513311
-123.000000 42.000000 240.000000 8.384893 4.447725 3.528208
-122.000000 42.000000 240.000000 8.455260 4.566408 3.531661
-121.000000 42.000000 240.000000 8.533662 4.693421 3.528935
-120.000000 42.000000 240.000000 8.546445 4.716206 3.520121
-119.000000 42.000000 240.000000 8.465023 4.664890 3.515814
-126.000000 43.000000 240.000000 8.343400 4.416530 3.477035
-125.000000 43.000000 240.000000 8.251459 4.506337 3.488110
-124.000000 43.000000 240.000000 8.289969 4.492812 3.500304
-123.000000 43.000000 240.000000 8.346418 4.480999 3.513059
-122.000000 43.000000 240.000000 8.442548 4.523592 3.520599
-121.000000 43.000000 240.000000 8.505931 4.627117 3.522375
-120.000000 43.000000 240.000000 8.469655 4.651191 3.518378
-119.000000 43.000000 240.000000 8.382137 4.634030 3.514376
-126.000000 44.000000 240.000000 8.355484 4.467777 3.461156
-125.000000 44.000000 240.000000 8.310078 4.509709 3.475461
-124.000000 44.000000 240.000000 8.383125 4.486286 3.493634
-123.000000 44.000000 240.000000 8.391089 4.453402 3.509909
-122.000000 44.000000 240.000000 8.365214 4.492214 3.522270
-121.000000 44.000000 240.000000 8.330698 4.579055 3.524334
-120.000000 44.000000 240.000000 8.309804 4.564944 3.523366
-119.000000 44.000000 240.000000 8.325964 4.570830 3.521389
-126.000000 45.000000 240.000000 8.248086 4.461771 3.454342
-125.000000 45.000000 240.000000 8.332804 4.478938 3.470913
-124.000000 45.000000 240.000000 8.334914 4.486993 3.493773
-123.000000 45.000000 240.000000 8.289336 4.541760 3.513394
-122.000000 45.000000 240.000000 8.282997 4.531091 3.528641
-121.000000 45.000000 240.000000 8.315575 4.575976 3.536520
-120.000000 45.000000 240.000000 8.290085 4.571436 3.539379
-119.000000 45.000000 240.000000 8.279154 4.557200 3.539139
-126.000000 46.000000 240.000000 8.194989 4.465090 3.464596
-125.000000 46.000000 240.000000 8.340312 4.507397 3.478082
-124.000000 46.000000 240.000000 8.330830 4.532170 3.495693
-123.000000 46.000000 240.000000 8.232959 4.540349 3.514624
-122.000000 46.000000 240.000000 8.260879 4.490534 3.532938
-121.000000 46.000000 240.000000 8.368431 4.533737 3.543942
-120.000000 46.000000 240.000000 8.363756 4.590752 3.546234
-119.000000 46.000000 240.000000 8.274876 4.636907 3.547790
-126.000000 47.000000 240.000000 8.334923 4.481381 3.472451
-125.000000 47.000000 240.000000 8.385133 4.507849 3.482300
-124.000000 47.000000 240.000000 8.342119 4.532793 3.491792
-123.000000 47.000000 240.000000 8.258596 4.531000 3.506464
-122.000000 47.000000 240.000000 8.258760 4.504828 3.524432
-121.000000 47.000000 240.000000 8.304866 4.500803 3.537962
-120.000000 47.000000 240.000000 8.351401 4.540189 3.542595
-119.000000 47.000000 240.000000 8.335631 4.599383 3.541522
-126.000000 48.000000 240.000000 8.316119 4.494934 3.481532
-125.000000 48.000000 240.000000 8.373955 4.527428 3.497290
-124.000000 48.000000 240.000000 8.332191 4.526894 3.503594
-123.000000 48.000000 240.000000 8.319865 4.520444 3.504705
-122.000000 48.000000 240.000000 8.336872 4.537606 3.511574
-121.000000 48.000000 240.000000 8.384185 4.544532 3.525949
-120.000000 48.000000 240.000000 8.365269 4.575477 3.535902
-119.000000 48.000000 240.000000 8.311281 4.598975 3.536622
